
NUMPOLLIES 94
// Room 1

// Floor 1
3
-3.0  0.0 -3.0 0.0 6.0 floor
-3.0  0.0  3.0 0.0 0.0
 3.0  0.0  3.0 6.0 0.0

3
-3.0  0.0 -3.0 0.0 6.0
 3.0  0.0 -3.0 6.0 6.0
 3.0  0.0  3.0 6.0 0.0 



// Ceiling 1
3
-3.0  1.5 -3.0 0.0 6.0 ceiling
-3.0  1.5  3.0 0.0 0.0
 3.0  1.5  3.0 6.0 0.0

3
-3.0  1.5 -3.0 0.0 6.0
 3.0  1.5 -3.0 6.0 6.0
 3.0  1.5  3.0 6.0 0.0


// A1
3
-2.0  1.5  -2.0 0.0 1.0 wall1
-2.0  0.0  -2.0 0.0 0.0
-0.5  0.0  -2.0 1.5 0.0

3
-2.0  1.5  -2.0 0.0 1.0
-0.5  1.5  -2.0 1.5 1.0
-0.5  0.0  -2.0 1.5 0.0


// A2
3
2.0  1.5  -2.0 2.0 1.0 wall1
2.0  0.0  -2.0 2.0 0.0
0.5  0.0  -2.0 0.5 0.0

3
2.0  1.5  -2.0 2.0 1.0
0.5  1.5  -2.0 0.5 1.0
0.5  0.0  -2.0 0.5 0.0


// B1
3
-2.0  1.5  2.0 2.0  1.0 wall1
-2.0  0.0   2.0 2.0 0.0
-0.5  0.0   2.0 0.5 0.0

3
-2.0  1.5  2.0 2.0  1.0
-0.5  1.5  2.0 0.5  1.0
-0.5  0.0   2.0 0.5 0.0


// B2
3
 2.0  1.5  2.0 2.0  1.0 wall1
 2.0  0.0   2.0 2.0 0.0
 0.5  0.0   2.0 0.5 0.0

3
 2.0  1.5  2.0 2.0  1.0
 0.5  1.5  2.0 0.5  1.0
 0.5  0.0   2.0 0.5 0.0


// C1
3
-2.0  1.5  -2.0 0.0  1.0 wall1
-2.0  0.0   -2.0 0.0 0.0
-2.0  0.0   -0.5 1.5 0.0

3
-2.0  1.5  -2.0 0.0  1.0
-2.0  1.5  -0.5 1.5  1.0
-2.0  0.0   -0.5 1.5 0.0


// C2
3
-2.0  1.5   2.0 2.0 1.0 wall1
-2.0  0.0   2.0 2.0 0.0
-2.0  0.0   0.5 0.5 0.0

3
-2.0  1.5  2.0 2.0 1.0
-2.0  1.5  0.5 0.5 1.0
-2.0  0.0   0.5 0.5 0.0


// D1
3
2.0  1.5  -2.0 0.0 1.0 wall1
2.0  0.0   -2.0 0.0 0.0
2.0  0.0   -0.5 1.5 0.0

3
2.0  1.5  -2.0 0.0 1.0
2.0  1.5  -0.5 1.5 1.0
2.0  0.0   -0.5 1.5 0.0


// D2
3
2.0  1.5  2.0 2.0 1.0 wall1
2.0  0.0   2.0 2.0 0.0
2.0  0.0   0.5 0.5 0.0

3
2.0  1.5  2.0 2.0 1.0
2.0  1.5  0.5 0.5 1.0
2.0  0.0   0.5 0.5 0.0

3
// Upper hallway - L 
-0.5  1.5  -3.0 0.0 1.0 wall1
-0.5  0.0   -3.0 0.0 0.0
-0.5  0.0   -2.0 1.0 0.0

3
-0.5  1.5  -3.0 0.0 1.0
-0.5  1.5  -2.0 1.0 1.0
-0.5  0.0   -2.0 1.0 0.0


// Upper hallway - Door
3
-0.5  1.5  -3.0 0.0 1.0 door1
0.5  1.5  -3.0 1.0 1.0
0.5  0.0   -3.0 1.0 0.0

3
-0.5  1.5  -3.0 0.0 1.0 
0.5  0.0   -3.0 1.0 0.0
-0.5  0.0   -3.0 0.0 0.0


// Upper hallway - R
3
0.5  1.5  -3.0 0.0 1.0 wall1
0.5  0.0   -3.0 0.0 0.0
0.5  0.0   -2.0 1.0 0.0

3
0.5  1.5  -3.0 0.0 1.0
0.5  1.5  -2.0 1.0 1.0
0.5  0.0   -2.0 1.0 0.0


// Lower hallway - L
3
-0.5  1.5  3.0 0.0 1.0 wall1
-0.5  0.0   3.0 0.0 0.0
-0.5  0.0   2.0 1.0 0.0

3
-0.5  1.5  3.0 0.0 1.0
-0.5  1.5  2.0 1.0 1.0
-0.5  0.0   2.0 1.0 0.0

3
// Lower hallway - R
0.5  1.5  3.0 0.0 1.0 wall1
0.5  0.0   3.0 0.0 0.0
0.5  0.0   2.0 1.0 0.0

3
0.5  1.5  3.0 0.0 1.0
0.5  1.5  2.0 1.0 1.0
0.5  0.0   2.0 1.0 0.0

3
// Lower hallway - Door
0.5  1.5  3.0 0.0 1.0 door1
0.5  0.0  3.0 0.0 0.0
-0.5  0.0  3.0 1.0 0.0

3
0.5  1.5  3.0 0.0 1.0
-0.5  1.5  3.0 1.0 1.0
-0.5  0.0  3.0 1.0 0.0


// Left hallway - Lw
3
-3.0  1.5  0.5 1.0 1.0 wall1
-3.0  0.0   0.5 1.0 0.0
-2.0  0.0   0.5 0.0 0.0

3
-3.0  1.5  0.5 1.0 1.0
-2.0  1.5  0.5 0.0 1.0
-2.0  0.0   0.5 0.0 0.0


// Left hallway - Hi
3
-3.0  1.5  -0.5 1.0 1.0 wall1
-3.0  0.0   -0.5 1.0 0.0
-2.0  0.0   -0.5 0.0 0.0

3
-3.0  1.5  -0.5 1.0 1.0
-2.0  1.5  -0.5 0.0 1.0
-2.0  0.0   -0.5 0.0 0.0


// Right hallway - Lw
3
3.0  1.5  0.5 1.0 1.0 wall1
3.0  0.0   0.5 1.0 0.0
2.0  0.0   0.5 0.0 0.0

3
3.0  1.5  0.5 1.0 1.0
2.0  1.5  0.5 0.0 1.0
2.0  0.0   0.5 0.0 0.0


// Right hallway - Hi
3
3.0  1.5  -0.5 1.0 1.0 wall1
3.0  0.0   -0.5 1.0 0.0
2.0  0.0   -0.5 0.0 0.0

3
3.0  1.5  -0.5 1.0 1.0
2.0  1.5 -0.5 0.0 1.0
2.0  0.0   -0.5 0.0 0.0


// Room 2
3
15.0  0.0 -2.0 0.0 6.0 floor1
15.0  0.0  2.0 0.0 0.0
3.0  0.0  2.0 6.0 0.0

3
15.0  0.0 -2.0 0.0 6.0
3.0  0.0 -2.0 6.0 6.0
3.0  0.0  2.0 6.0 0.0

3
15.0  3.0 2.0 6.0 15.0 wall1
3.0  -3.0 2.0 0.0 0.0
3.0  3.0 2.0 6.0 0.0

3
15.0  3.0 2.0 6.0 15.0
15.0  -3.0 2.0 0.0 15.0
3  -3.0 2.0 0.0 0.0 

3
15.0  3.0 2.0 6.0 4.0 wall1
15.0  -3.0 -2.0 0.0 0.0
15.0   3.0 -2.0 6.0 0.0

3
15.0  3.0 2.0 6.0 4.0
15.0  -3.0 2.0 0.0 4.0
15.0  -3.0 -2.0 0.0 0.0 

3
15.0 3.0 -2.0 6.0 15.0 wall1
3.0 -3.0 -2.0 0.0 0.0
3.0 3.0 -2.0 6.0 0.0

3
15.0  3.0 -2.0 6.0 15.0
15.0  -3.0 -2.0 0.0 15.0
3.0  -3.0 -2.0 0.0 0.0 

3
3.0  3.0 2.0 6.0 2.0 wall1
3.0  -3.0 0.5 0.0 0.0
3.0   3.0 0.5 6.0 0.0

3
3.0  3.0 2.0 6.0 2.0
3.0  -3.0 2.0 0.0 2.0
3.0  -3.0 0.5 0.0 0.0 

3
3.0  3.0 -0.5 6.0 2.0 wall1
3.0  -3.0 -2.0 0.0 0.0
3.0   3.0 -2.0 6.0 0.0

3
3.0  3.0 -0.5 6.0 2.0
3.0  -3.0 -0.5 0.0 2.0
3.0  -3.0 -2.0 0.0 0.0 


// Ceiling 2
3
15.0  1.5 -2.0 0.0 6.0 ceili
15.0  1.5  2.0 0.0 0.0
3.0  1.5  2.0 6.0 0.0

3
15.0  1.5 -2.0 0.0 6.0
3.0  1.5 -2.0 6.0 6.0
3.0  1.5  2.0 6.0 0.0


// Room 3

// Floor

// Floor 1
3
-10.0  0.0 -3.0 0.0 6.0 floor1
-10.0  0.0  3.0 0.0 0.0
-4.0  0.0  3.0 6.0 0.0

3
-9.0  0.0 -3.0 0.0 6.0
-3.0  0.0 -3.0 6.0 6.0
-3.0  0.0  3.0 6.0 0.0 

3
-10.0  0.0 -3.0 0.0 6.0 floor1
-4.0  -3.0  3.0 0.0 0.0
-4.0  0.0  3.0 6.0 0.0

3
-10.0  0.0 -3.0 0.0 6.0
-10.0  -3.0 -3.0 6.0 6.0
-4.0  -3.0  3.0 6.0 0.0 

3
-9.0  0.0 -3.0 0.0 6.0 	floor1
-3.0  -3.0  3.0 0.0 0.0
-3.0  0.0  3.0 6.0 0.0

3
-9.0  0.0 -3.0 0.0 6.0
-9.0  -3.0 -3.0 6.0 6.0
-3.0  -3.0  3.0 6.0 0.0 

3
-10.0  3.0 3.0 6.0 9.0 wall1
-0.5  -3.0 3.0 0.0 0.0
-0.5  3.0 3.0 6.0 0.0

3
-10.0  3.0 3.0 6.0 9.0
-10.0  -3.0 3.0 0.0 9.0
-0.5  -3.0 3.0 0.0 0.0 

3
-10.0  3.0 3.0 6.0 6.0 wall1
-10.0  -3.0 -3.0 0.0 0.0
-10.0   3.0 -3.0 6.0 0.0

3
-10.0  3.0 3.0 6.0 6.0
-10.0  -3.0 3.0 0.0 6.0
-10.0   -3.0 -3.0 0.0 0.0 

3
-10.0  3.0 -3.0 6.0 9.0 wall1
-0.5  -3.0 -3.0 0.0 0.0
-0.5  3.0 -3.0 6.0 0.0

3
-10.0  3.0 -3.0 6.0 9.0
-10.0  -3.0 -3.0 0.0 9.0
-0.5  -3.0 -3.0 0.0 0.0 


// Ceiling 1
3
-10.0  1.5 -3.0 0.0 6.0 ceili
-10.0  1.5  3.0 0.0 0.0
-3.0  1.5  3.0 6.0 0.0

3
-10.0  1.5 -3.0 0.0 6.0
-3.0  1.5 -3.0 6.0 6.0
-3.0  1.5  3.0 6.0 0.0





// Room 4

// Entrance Left Wall

3
-0.5 1.5 -3 0.0 0.0 wall1
-0.5 3.0 -6 1.0	0.0
-0.5 1.5 -6 1.0 1.0

3
-0.5 1.5 -3 0.0 0.0 
-0.5 1.5 -6 1.0 1.0
-0.5 0.0 -3 0.0 1.0

// Entrance Right Wall

3
0.5 1.5 -3 0.0 0.0 wall1
0.5 3.0 -6 1.0 0.0
0.5 1.5 -6 1.0 1.0

3
0.5 1.5 -3 0.0 0.0
0.5 1.5 -6 1.0 1.0
0.5 0.0 -3 0.0 1.0

// Entrance Floor


3
-0.5 1.5 -6 1.0 0.0  flr02
0.5 0.0 -3 0.0 1.0
-0.5 0.0 -3 0.0 0.0

3
-0.5 1.5 -6 1.0 0.0
0.5 1.5 -6 1.0 1.0
0.5 0.0 -3 0.0 1.0

// Entrance Ceiling

3
-0.5 3.0 -6 0.0 0.0  ceili
0.5 3.0 -6 1.0 0.0
0.5 1.5 -3 1.0 1.0

3
-0.5 3.0 -6 0.0 0.0
0.5 1.5 -3 1.0 1.0
-0.5 1.5 -3 0.0 1.0 

// Main Floor

3
-6.5 1.5 -18 1.0 0.0  floor
6.5 1.5 -6 0.0 1.0
-6.5 1.5 -6 0.0 0.0

3
-6.5 1.5 -18 1.0 0.0
6.5 1.5 -18 1.0 1.0
6.5 1.5 -6 0.0 1.0


// Entrance side left main wall

3
-0.5 6.0 -6 1.0 0.92  wall2
-6.5 1.5 -6 0.0 0.0
-0.5 1.5 -6 0.0 0.92

3
-0.5 6.0 -6 1.0 0.92
-6.5 6.0 -6 1.0 0.0
-6.5 1.5 -6 0.0 0.0

// Entrance side right main wall

3
6.5 6.0 -6 1.0 0.0  wall2
0.5 1.5 -6 0.0 0.92
6.5 1.5 -6 0.0 0.0

3
6.5 6.0 -6 1.0 0.0
0.5 6.0 -6 1.0 0.92
0.5 1.5 -6 0.0 0.92

// Entrance side top of door wall

3
0.5 6.0 -6 0.66 0.0  flr02
-0.5 3.0 -6 0.0 0.33
0.5 3.0 -6 0.0 0.0

3
0.5 6.0 -6 0.66 0.0
-0.5 6.0 -6 0.66 0.33
-0.5 3.0 -6 0.0 0.33

// far side main wall (window)

3
-6.5 6.0 -18 1.0 0.0  wall2
6.5 1.5 -18 0.0 2.0
-6.5 1.5 -18 0.0 0.0

3
-6.5 6.0 -18 1.0 0.0
6.5 6.0 -18 1.0 2.0
6.5 1.5 -18 0.0 2.0

// left side main wall

3
-6.5 6.0 -6 1.0 0.0  wall2
-6.5 1.5 -18 0.0 2.0
-6.5 1.5 -6 0.0 0.0

3
-6.5 6.0 -6 1.0 0.0
-6.5 6.0 -18 1.0 2.0
-6.5 1.5 -18 0.0 2.0

// right side main wall
3
6.5 6.0 -18 1.0 0.0  wall2
6.5 1.5 -6 0.0 2.0
6.5 1.5 -18 0.0 0.0

3
6.5 6.0 -18 1.0 0.0
6.5 6.0 -6 1.0 2.0
6.5 1.5 -6 0.0 2.0

// Ceilling
3
-6.5 6.0 -18 2.0 0.0  ceil1
6.5 6.0 -6 0.0 2.0
-6.5 6.0 -6 0.0 0.0

3
-6.5 6.0 -18 2.0 0.0
6.5 6.0 -18 2.0 2.0
6.5 6.0 -6 0.0 2.0

cylinder
0.0 0.0 6.0 0.0 0.0 wall1
1.0 1.0 3.0 32.0 32.0
0.0 -90.0 0.0

cylinder
0.0 0.0 0.0 0.0 0.0 wall1
0.5 0.5 2.0 32.0 32.0
0.0 -90.0 0.0  

 